-2	 0	 0	 0	0	    84.7
 0	 0	 0	 0	0.39	92
 0	 0	 0	 0	0.59	92.2
 0	 0	 0	 0  -0.08	91.53
-1	 1	 1	 1	0	    88
-1	 1	-1	 1	0	    88.3
 0	 0	 0	 2	0	    93
 0	 0	 0	 0	1.12	92.73
 2	 0	 0	 0	0	    86.76
 0	 0	 2	 0	0	    93
-1	 1	 1	-1	0	    88.8
 1	 1	 1	-1	0	    85.62
 0	 2	 0	 0	0	    81
-1	-1	-1	 1	0	    83
 1	-1	 1	-1	0	    84.2
 0	 0	 0	 0  -1.51	90.1
 0	 0	-2	 0	0	    79.92
 0	-2	 0	 0	0	    71
-1	-1	 1	 1	0	    87.3
-1	-1	-1	-1	0	    66.1
 1	 1	-1	 1	0	    83.15
 0	 0	 0	 0  -0.51	91.1
 0	 0	 0	-2	0	    76.5
 1	 1	-1	-1	0	    81
 1	-1	 1	 1	0	    94
-1	 1	-1	-1	0	    87.2
 1	 1	 1	 1	0	    87
 1	-1	-1	 1	0	    83.5
 1	-1	-1	-1	0	    72.8
-1	-1	 1	-1	0	    72.35